Adobe After Effects 6.0 Keyframe Data

	Units Per Second	25
	Source Width	368
	Source Height	640
	Source Pixel Aspect Ratio	1
	Comp Pixel Aspect Ratio	1

Effects	ADBE Corner Pin #1	ADBE Corner Pin-0001
	Frame	X pixels	Y pixels
	0	85.2308	300.689
	1	86.3907	296.618
	2	88.2043	293.744
	3	90.7414	292.787
	4	93.7301	294.98
	5	96.8615	300.272
	6	100.729	305.617
	7	105.212	309.134
	8	108.547	309.939
	9	110.385	308.782
	10	110.824	306.327
	11	110.921	303.136
	12	111.064	300.064
	13	111.494	297.946
	14	112.076	297.805
	15	112.174	300.43
	16	111.34	305.969
	17	109.533	313.031
	18	106.928	318.97
	19	104.135	321.048
	20	101.469	318.544
	21	99.3897	313.92
	22	98.784	308.829
	23	99.6127	303.929
	24	101.394	299.637
	25	103.301	296.034
	26	104.691	293.699
	27	105.293	292.847
	28	105.314	294.013
	29	104.987	297.509
	30	105.208	301.562
	31	105.68	304.542
	32	105.011	305.819
	33	103.545	305.36
	34	102.207	303.982
	35	101.612	302.078
	36	101.723	300.026
	37	101.854	298.455
	38	101.585	297.848
	39	100.693	298.868
	40	99.0935	302.14
	41	96.2713	308.225
	42	91.6911	316.317
	43	84.3746	322.965
	44	76.1029	326.159
	45	68.6276	326.685
	46	62.8363	324.958
	47	58.9353	321.778
	48	56.6423	318.065
	49	55.8931	314.631
	50	56.7009	312.262
	51	59.102	311.436
	52	63.2726	311.764
	53	69.3484	312.964
	54	77.4602	313.532
	55	86.109	312.346
	56	95.8951	309.587
	57	104.982	306.065
	58	112.607	302.618
	59	118.892	299.33
	60	123.812	296.555
	61	127.483	294.859
	62	129.506	295.051
	63	129.367	297.389
	64	126.633	301.11
	65	120.323	305.827
	66	110.645	309.604
	67	99.5364	310.959
	68	88.7577	310.021
	69	79.2719	307.482
	70	71.5069	304.157
	71	65.4949	300.839
	72	60.95	298.489
	73	57.8933	297.409
	74	56.6681	297.487
	75	57.7402	298.193
	76	61.9144	299.043
	77	69.3434	299.53
	78	79.251	299.577
	79	89.786	299.862
	80	99.8469	300.386
	81	108.919	300.848
	82	116.632	300.803
	83	122.697	300.06
	84	127.131	299.067
	85	129.958	298.654
	86	131.556	298.769
	87	132.517	298.931
	88	132.23	298.897
	89	128.943	297.739
	90	121.741	295.392
	91	111.573	293.031
	92	100.539	290.078
	93	90.6697	286.778
	94	82.6977	283.704
	95	76.5603	281.316
	96	71.9805	279.864
	97	68.7654	279.346
	98	67.3554	279.265
	99	67.2902	279.381
	100	67.6747	279.82
	101	68.2019	280.324
	102	68.812	280.758
	103	69.6697	280.806
	104	70.4712	280.867
	105	70.925	280.882
	106	70.8605	280.609
	107	70.4736	279.695
	108	69.9012	278.802
	109	69.8495	278.515
	110	71.685	278.411
	111	76.7638	278.032
	112	84.8609	277.811
	113	94.7729	278.244
	114	104.849	279.059
	115	113.792	280.75
	116	121.123	282.96
	117	126.608	285.158
	118	129.79	287.011
	119	130.702	288.779
	120	129.711	289.679
	121	126.83	290.218
	122	122.589	290.821
	123	117.393	292.167
	124	111.919	294.23
	125	106.442	296.42
	126	101.201	298.563
	127	96.573	299.915
	128	93.1554	300.023
	129	91.3574	298.894
	130	90.8031	297.06
	131	90.9354	295.363
	132	90.7051	294.264
	133	88.9857	294.055
	134	84.9128	295.926
	135	78.182	299.629
	136	70.079	303.525
	137	61.4764	306.905
	138	53.5288	309.516
	139	47.2109	310.448
	140	42.9566	308.969
	141	40.5195	306.133
	142	40.2101	302.432
	143	41.5788	298.623
	144	44.3191	295.31
	145	48.1542	292.649
	146	52.3446	290.712
	147	56.5564	289.759
	148	60.6975	289.42
	149	64.862	289.637
	150	68.8072	290.415
	151	72.312	291.679
	152	75.8908	292.761
	153	79.4415	293.377
	154	82.9042	293.761
	155	85.8546	294.109
	156	88.1119	294.593
	157	89.6705	294.915
	158	90.4033	295.148
	159	90.1623	295.668
	160	88.3898	296.845
	161	84.7163	299.424
	162	80.0845	302.85
	163	75.4572	306.587
	164	71.4942	310.91
	165	68.6852	315.678
	166	66.9249	320.593
	167	65.8661	325.127
	168	65.0749	329.067
	169	64.6097	332.269
	170	64.5244	334.405
	171	64.9823	334.217
	172	65.9808	330.391
	173	68.156	322.968
	174	71.6555	313.533
	175	76.3066	303.568
	176	81.7236	294.079
	177	87.64	285.695
	178	92.7436	278.703
	179	96.7603	273.099
	180	99.1825	269.462
	181	99.9752	268.584
	182	99.3618	270.547
	183	97.1631	275.223
	184	93.5364	281.548
	185	89.4023	289.443
	186	86.9559	297.62
	187	86.1882	305.184
	188	86.7699	311.195
	189	88.1999	315.875
	190	90.0626	318.669
	191	91.9706	320.174
	192	93.3903	320.933
	193	94.1615	321.31
	194	94.1526	321.054
	195	93.1383	319.087
	196	91.9641	314.63
	197	91.0748	309.345
	198	90.1798	304.54
	199	89.3198	300.403
	200	88.6857	296.92
	201	88.0508	294.253
	202	87.5034	292.751
	203	86.4593	292.813
	204	85.3611	293.485
	205	84.6729	293.335
	206	84.63	291.643
	207	84.8895	288.742
	208	85.2401	286.529
	209	85.8562	285.779
	210	86.5949	286.453
	211	87.5121	287.805
	212	88.0397	289.601
	213	88.0033	292.06
	214	87.6303	294.882
	215	87.329	297.659
	216	87.4212	298.936
	217	88.0068	297.811
	218	89.6598	295.262
	219	92.4263	292.803
	220	95.7888	291.453
	221	99.2978	291.445
	222	102.34	292.589
	223	104.781	294.789
	224	106.231	297.585
	225	106.48	300.236
	226	105.9	302.431
	227	104.694	304.154
	228	102.822	305.198
	229	100.167	304.812
	230	96.9108	301.837
	231	93.4728	296.71
	232	90.4115	291.321
	233	88.0763	286.525
	234	86.3937	283.087
	235	85.3466	281.079
	236	85.0292	280.506
	237	85.4697	281.329
	238	85.9217	283.716
	239	85.8175	287.357
	240	85.1309	291.346
	241	83.8556	294.153
	242	81.7982	296.986
	243	79.7667	301.351
	244	78.6574	306.425
	245	78.6809	311.285
	246	79.3425	315.94
	247	80.1601	320.569
	248	80.8264	325.556
	249	81.0699	331.151
	250	80.683	336.6
	251	79.8353	340.124
	252	78.6212	340.599
	253	77.187	336.763
	254	75.8892	329.024
	255	74.6062	319.527
	256	73.4578	310.145
	257	72.4105	301.984
	258	71.5803	295.316
	259	70.8261	289.929
	260	69.89	285.882
	261	68.8373	283.107
	262	67.9975	281.645
	263	67.2032	281.867
	264	66.4107	283.767
	265	65.7028	286.63
	266	65.0183	289.561
	267	64.6444	293.18
	268	65.3096	297.154
	269	67.1166	300.938
	270	69.5712	304.36
	271	72.1637	307.583
	272	74.6355	310.466
	273	76.6294	313.214
	274	77.8726	315.776
	275	78.6249	317.832
	276	79.1001	318.625
	277	78.9193	317.418
	278	77.7145	313.544
	279	75.4445	308.71
	280	72.4552	304.349
	281	69.2718	300.916
	282	66.2979	298.356
	283	63.8195	296.582
	284	62.0509	295.148
	285	61.0503	294.394
	286	60.7631	294.615
	287	61.673	295.476
	288	64.0178	296.758
	289	67.4693	298.159
	290	71.7468	299.518
	291	76.8291	301.008
	292	82.3022	302.697
	293	87.7989	304.299
	294	93.0259	305.65
	295	97.6331	306.835
	296	101.288	307.997
	297	103.209	309.351
	298	103.268	310.653
	299	101.48	311.699
	300	98.0965	312.271
	301	93.1154	311.172
	302	86.884	309.114
	303	79.8248	306.657
	304	73.0632	303.676
	305	67.229	300.513
	306	62.4551	297.578
	307	58.7674	295.248
	308	56.1108	293.944
	309	54.8683	293.732
	310	55.7354	294.206
	311	58.9229	294.926
	312	63.8284	295.73
	313	69.996	296.233
	314	76.432	296.97
	315	82.3745	297.778
	316	87.4512	298.669
	317	91.4088	299.07
	318	94.214	299.025
	319	95.6939	299.052
	320	96.1928	299.947
	321	95.7028	301.814
	322	94.223	304.588
	323	91.2052	308.688
	324	86.1967	313.684
	325	79.9344	317.734
	326	74.0225	320.196
	327	69.6752	320.977
	328	67.2768	320.15
	329	66.5927	317.281
	330	67.2348	312.223
	331	68.8842	305.714
	332	71.2154	299.447
	333	73.6021	294.852
	334	75.2512	292.897
	335	75.2822	294.358
	336	72.5925	298.917
	337	68.4451	304.419
	338	64.3634	309.712
	339	61.5769	313.828
	340	61.1628	315.244
	341	63.2846	313.398
	342	67.0799	309.382
	343	71.3906	303.987
	344	75.5813	298.814
	345	79.0369	295.04
	346	81.0231	293.274
	347	81.3232	294.213
	348	79.6801	297.633
	349	76.8601	302.002
	350	74.0861	305.95
	351	72.0745	308.289
	352	71.8769	308.387
	353	73.4946	306.52
	354	76.1224	303.518
	355	78.8093	300.317
	356	80.9689	298.407
	357	81.7206	298.765
	358	81.0672	301.449
	359	79.3116	306.107
	360	77.0507	311.605
	361	75.0574	316.54
	362	73.4566	320.318

Effects	ADBE Corner Pin #1	ADBE Corner Pin-0002
	Frame	X pixels	Y pixels
	0	273.733	276.992
	1	270.411	273.295
	2	267.848	270.644
	3	266.63	269.939
	4	266.496	272.037
	5	266.95	276.952
	6	268.253	282.58
	7	270.636	287.516
	8	272.47	289.746
	9	272.408	289.204
	10	270.708	286.996
	11	268.636	283.954
	12	267.272	280.814
	13	267.052	278.516
	14	268.043	278.074
	15	269.637	280.335
	16	271.584	285.573
	17	273.576	292.679
	18	276.041	299.956
	19	279.305	304.558
	20	283.272	304.627
	21	286.506	300.899
	22	288.405	295.817
	23	289.515	290.364
	24	289.574	285.333
	25	288.912	281.052
	26	287.017	277.778
	27	284.718	275.734
	28	281.976	275.437
	29	279.257	277.454
	30	277.513	281.454
	31	277.416	285.723
	32	277.172	288.732
	33	276.368	289.764
	34	275.454	289.132
	35	275.135	287.653
	36	275.65	285.984
	37	276.546	284.526
	38	277.36	283.71
	39	277.887	284.204
	40	277.969	286.899
	41	277.187	291.399
	42	274.982	296.905
	43	270.735	300.639
	44	264.888	300.455
	45	259.523	298.668
	46	255.51	296.5
	47	252.759	294.009
	48	251.243	291.903
	49	250.795	290.615
	50	251.779	290.453
	51	254.18	292.003
	52	258.249	295.453
	53	263.911	300.233
	54	271.395	305.191
	55	280.567	307.638
	56	290.845	307.35
	57	300.912	305.124
	58	309.348	301.593
	59	316.122	297.624
	60	321.432	293.629
	61	325.634	290.076
	62	328.556	287.858
	63	329.517	287.059
	64	327.986	287.51
	65	323.191	288.22
	66	314.4	287.977
	67	303.78	286.458
	68	292.854	284.382
	69	283.033	282.241
	70	274.627	280.25
	71	267.87	278.623
	72	262.596	277.655
	73	258.875	277.767
	74	257.059	279.096
	75	257.187	281.564
	76	260.006	285.226
	77	266.025	289.628
	78	275.205	294.185
	79	286.179	297.31
	80	296.984	298.892
	81	306.871	299.208
	82	315.067	298.62
	83	321.424	296.805
	84	325.971	294.504
	85	328.96	292.497
	86	330.704	291.637
	87	331.702	292.019
	88	332.014	293.007
	89	329.951	292.317
	90	324.191	288.77
	91	314.597	284.074
	92	303.106	279.861
	93	292.069	277.026
	94	282.847	275.482
	95	275.736	274.879
	96	270.707	274.4
	97	267.114	273.906
	98	265.115	273.898
	99	264.662	274.673
	100	264.871	275.883
	101	265.375	276.727
	102	265.937	277.145
	103	266.802	277.539
	104	267.699	278.077
	105	268.198	278.426
	106	268.273	278.318
	107	268.095	277.202
	108	267.673	275.469
	109	267.318	274.317
	110	268.088	274.637
	111	271.732	276.991
	112	278.942	281.055
	113	288.581	285.713
	114	299.251	289.153
	115	309.588	290.785
	116	318.035	291.299
	117	324.618	290.559
	118	328.984	288.424
	119	330.796	285.167
	120	330.655	281.191
	121	328.553	277.557
	122	324.876	274.773
	123	319.934	273.549
	124	314.507	274.079
	125	309.17	275.875
	126	304.128	278.179
	127	299.599	280.104
	128	296.048	281.125
	129	293.976	281.473
	130	293.262	281.314
	131	293.36	280.831
	132	293.471	280.083
	133	292.577	278.688
	134	289.579	276.593
	135	283.3	274.061
	136	274.854	271.728
	137	265.559	270.437
	138	256.604	270.498
	139	249.582	272.064
	140	245.251	274.212
	141	243.218	276.166
	142	243.34	277.898
	143	245.471	279.353
	144	248.831	280.635
	145	253.129	282.288
	146	257.792	283.888
	147	262.216	285.166
	148	266.224	286.276
	149	270.013	287.155
	150	273.684	288.151
	151	277.045	288.837
	152	280.418	288.825
	153	283.826	288.119
	154	287.155	286.717
	155	290.078	284.783
	156	292.273	282.72
	157	293.809	281.059
	158	294.717	279.53
	159	294.593	277.755
	160	293.03	274.964
	161	288.95	271.108
	162	282.884	266.928
	163	276.117	263.049
	164	269.394	259.741
	165	263.245	257.026
	166	257.952	254.597
	167	253.5	252.264
	168	249.624	249.814
	169	246.544	247.832
	170	244.902	247.04
	171	245.278	247.657
	172	248.448	249.521
	173	254.807	252.721
	174	263.366	258.095
	175	272.438	264.868
	176	280.704	272.344
	177	287.758	280.121
	178	293.595	286.879
	179	297.672	291.946
	180	300.383	295.121
	181	301.858	297.076
	182	302.357	298.153
	183	301.8	297.97
	184	300.094	294.749
	185	296.883	288.514
	186	293.113	282.246
	187	289.824	276.394
	188	287.407	271.72
	189	285.299	267.859
	190	285.026	265.183
	191	285.838	263.766
	192	287.351	263.495
	193	288.964	264.244
	194	290.306	265.822
	195	290.873	267.474
	196	290.976	268.36
	197	290.747	269.339
	198	289.481	270.715
	199	286.942	272.5
	200	283.789	274.419
	201	280.753	276.227
	202	278.324	277.819
	203	276.672	279.318
	204	275.748	281.24
	205	276.397	283.311
	206	279.119	284.629
	207	283.308	282.299
	208	286.881	277.533
	209	289.13	272.266
	210	289.76	268.233
	211	289.561	265.829
	212	288.753	265.192
	213	287.279	266.358
	214	285.334	268.973
	215	283.006	271.932
	216	280.622	273.9
	217	278.364	273.739
	218	276.294	271.796
	219	274.89	269.498
	220	273.331	267.495
	221	271.265	266.216
	222	269.318	266.37
	223	266.878	267.989
	224	264.106	271.097
	225	261.196	274.85
	226	258.818	278.856
	227	257.773	282.471
	228	258.367	284.592
	229	260.894	284.657
	230	264.934	282.537
	231	269.709	278.599
	232	274.228	273.573
	233	277.923	268.63
	234	281.019	265.159
	235	283.511	263.458
	236	285.35	263.734
	237	286.944	265.572
	238	287.989	268.632
	239	288.01	271.94
	240	286.982	274.85
	241	285.509	275.449
	242	283.28	272.4
	243	279.856	266.863
	244	275.806	260.569
	245	272.198	254.514
	246	269.416	249.617
	247	267.109	246.068
	248	264.966	243.971
	249	262.721	243.554
	250	260.268	244.698
	251	258.28	246.706
	252	257.536	249.018
	253	258.539	251.534
	254	261.421	254.196
	255	264.874	257.287
	256	267.696	261.272
	257	269.398	266.472
	258	270.189	272.618
	259	270.385	279.1
	260	269.896	285.089
	261	269.34	289.919
	262	268.629	293.925
	263	267.994	297.158
	264	267.279	299.44
	265	266.736	299.973
	266	266.18	297.622
	267	265.462	292.715
	268	264.65	287.19
	269	264.454	281.802
	270	264.785	277.131
	271	265.337	273.289
	272	266.083	270.454
	273	266.742	268.636
	274	267.338	268.06
	275	268.032	268.865
	276	269.12	270.729
	277	270.448	272.969
	278	271.471	274.423
	279	271.6	274.979
	280	270.428	275.414
	281	268.377	276.45
	282	265.889	278.289
	283	263.609	280.688
	284	261.913	283.032
	285	261.1	285.221
	286	260.988	287.171
	287	261.649	288.879
	288	263.436	290.478
	289	266.403	291.631
	290	270.394	291.043
	291	275.264	289.701
	292	280.546	288.351
	293	285.674	287.298
	294	290.581	286.427
	295	295.002	285.683
	296	298.715	285.168
	297	301.123	284.652
	298	301.887	284.165
	299	300.81	283.724
	300	298.206	283.711
	301	294.492	283.652
	302	289.684	283.083
	303	283.737	282.33
	304	277.437	281.646
	305	271.536	281.253
	306	266.422	281.215
	307	262.362	281.433
	308	259.56	281.777
	309	258.074	282.634
	310	258.439	284.243
	311	261.013	286.514
	312	265.492	288.688
	313	271.492	290.037
	314	278.189	290.573
	315	284.38	290.327
	316	289.537	289.133
	317	293.438	287.3
	318	296.074	284.891
	319	297.341	282.356
	320	297.399	280.438
	321	296.353	279.591
	322	294.194	279.544
	323	290.268	279.517
	324	283.796	278.609
	325	274.81	276.083
	326	265.402	273.161
	327	257.519	271.1
	328	252.265	270.166
	329	250.101	270.242
	330	250.429	271.011
	331	252.635	272.251
	332	255.672	273.977
	333	258.466	276.101
	334	260.095	277.941
	335	259.773	279.211
	336	256.27	278.889
	337	249.828	276.736
	338	242.923	274.688
	339	237.715	274.008
	340	235.858	274.813
	341	238.097	276.657
	342	243.388	279.627
	343	249.679	281.938
	344	255.56	283.983
	345	260.213	285.874
	346	263.092	286.798
	347	263.916	286.417
	348	262.634	285.058
	349	259.737	283.255
	350	256.377	281.602
	351	254.158	281.005
	352	254.458	281.768
	353	257.853	284.034
	354	263.2	287.234
	355	269.073	290.678
	356	274.301	293.422
	357	277.78	294.665
	358	278.881	293.176
	359	277.946	289.544
	360	275.688	284.795
	361	273.285	280.135
	362	271.311	275.948

Effects	ADBE Corner Pin #1	ADBE Corner Pin-0003
	Frame	X pixels	Y pixels
	0	104.46	446.853
	1	107.072	443.318
	2	109.734	440.86
	3	111.826	440.276
	4	113.644	442.606
	5	115.149	447.946
	6	116.258	453.255
	7	117.442	456.766
	8	119.332	457.563
	9	122.162	456.822
	10	125.467	454.751
	11	128.403	451.737
	12	130.061	448.589
	13	130.178	446.199
	14	129.022	445.609
	15	126.674	447.58
	16	123.312	452.148
	17	119.416	458.033
	18	114.954	462.701
	19	110.815	463.201
	20	107.707	459.071
	21	106.973	452.908
	22	106.876	446.611
	23	107.428	440.362
	24	108.478	434.928
	25	109.958	430.131
	26	111.553	426.87
	27	113.161	425.162
	28	114.466	425.634
	29	115.324	428.494
	30	114.394	432.616
	31	112.069	435.981
	32	110.632	437.462
	33	110.111	436.944
	34	109.892	435.55
	35	109.279	433.837
	36	108.447	432.057
	37	107.734	430.785
	38	107.376	430.372
	39	106.934	431.627
	40	105.753	435.204
	41	103.736	441.605
	42	100.745	450.199
	43	97.049	457.504
	44	92.8768	461.223
	45	87.6652	462.483
	46	82.0819	461.95
	47	77.009	460.211
	48	73.0479	457.851
	49	70.462	455.481
	50	69.2887	453.845
	51	69.2654	453.487
	52	70.6276	454.111
	53	73.5984	455.506
	54	78.8715	456.094
	55	86.6197	454.404
	56	95.3877	451.407
	57	104.215	447.888
	58	112.17	444.48
	59	118.982	441.339
	60	124.417	438.584
	61	129.013	436.822
	62	132.442	436.967
	63	134.251	439.242
	64	133.848	443.054
	65	130.8	448.126
	66	124.797	452.351
	67	116.317	454.161
	68	106.57	453.931
	69	96.8494	452.247
	70	88.1672	449.829
	71	80.804	447.369
	72	75.1877	445.582
	73	70.9213	444.909
	74	68.2998	445.217
	75	67.5506	446.114
	76	69.0744	447.05
	77	73.2192	447.398
	78	79.8236	447.043
	79	88.7256	446.508
	80	98.4094	446.113
	81	107.86	445.523
	82	116.2	444.637
	83	123.093	443.164
	84	128.271	441.651
	85	132.057	440.716
	86	134.114	440.522
	87	134.742	440.528
	88	134.06	440.517
	89	131.422	439.604
	90	126.085	437.63
	91	117.763	435.681
	92	107.458	433.105
	93	96.8987	430.153
	94	87.4375	427.36
	95	79.8737	425.107
	96	74.7492	423.736
	97	71.5935	423.222
	98	69.9173	423.108
	99	69.0373	423.25
	100	68.9357	423.727
	101	69.3404	424.349
	102	69.9537	424.8
	103	70.5792	425.042
	104	71.0998	425.272
	105	71.3837	425.48
	106	71.5791	425.218
	107	71.6987	424.362
	108	71.8334	423.37
	109	71.9639	423.066
	110	72.8312	423.011
	111	75.0456	422.691
	112	79.3983	422.294
	113	86.301	422.352
	114	95.315	422.601
	115	104.991	423.712
	116	114.096	425.537
	117	122.136	427.43
	118	128.612	429.107
	119	133.365	430.687
	120	136.072	431.181
	121	136.339	431.378
	122	134.344	431.79
	123	130.589	433.095
	124	125.805	435.284
	125	120.562	437.631
	126	115.444	439.975
	127	110.779	441.585
	128	106.844	441.99
	129	103.848	441.322
	130	101.966	439.898
	131	101.054	438.56
	132	100.687	437.672
	133	100.206	437.538
	134	99.3732	439.321
	135	97.4242	442.738
	136	93.6956	446.297
	137	88.2856	449.519
	138	81.6822	452.424
	139	74.4681	454.193
	140	67.4823	453.742
	141	61.5391	451.764
	142	57.281	448.603
	143	54.9921	444.854
	144	54.4359	441.265
	145	55.0651	438.262
	146	56.7097	436.083
	147	59.2546	435.099
	148	62.3891	435.031
	149	65.8766	435.737
	150	69.6347	436.977
	151	73.698	438.548
	152	78.1955	439.793
	153	82.7993	440.441
	154	87.6094	440.74
	155	92.1922	440.88
	156	96.0552	441.024
	157	98.8552	440.994
	158	100.818	440.986
	159	102.324	441.22
	160	103.663	441.939
	161	104.553	443.711
	162	105.189	446.107
	163	105.551	448.658
	164	106.36	451.598
	165	108.021	454.781
	166	110.866	457.935
	167	114.614	460.678
	168	118.855	462.791
	169	122.58	464.482
	170	124.943	465.95
	171	124.979	466.626
	172	121.982	465.221
	173	115.904	461.376
	174	107.89	455.7
	175	99.6919	448.606
	176	92.2469	440.725
	177	86.1589	432.863
	178	81.8345	425.496
	179	78.917	419.298
	180	77.2032	415.236
	181	76.6293	414.177
	182	77.2685	416.301
	183	79.6771	421.363
	184	84.538	427.887
	185	90.8309	435.638
	186	98.439	443.035
	187	106.441	449.162
	188	114.018	453.848
	189	120.707	456.962
	190	126.331	458.76
	191	130.524	459.556
	192	133.073	459.89
	193	133.8	460.344
	194	132.58	460.9
	195	129.37	460.411
	196	124.507	457.818
	197	119.058	454.536
	198	113.813	451.732
	199	109.099	449.496
	200	105.077	447.588
	201	101.903	446.046
	202	98.8905	445.345
	203	96.0214	445.675
	204	93.1966	446.419
	205	90.6167	445.963
	206	89.2941	443.514
	207	90.8323	439.215
	208	93.8055	435.66
	209	97.2049	433.353
	210	100.156	432.499
	211	102.439	432.439
	212	103.96	433.032
	213	104.652	434.222
	214	104.934	435.928
	215	104.905	437.851
	216	104.717	438.652
	217	104.693	437.102
	218	105.369	434.174
	219	106.913	431.297
	220	109.265	429.374
	221	112.228	428.532
	222	115.898	428.751
	223	119.705	429.902
	224	123.223	431.652
	225	126.023	433.106
	226	127.234	434.408
	227	126.377	435.761
	228	123.584	437.225
	229	119.023	438.024
	230	113.542	436.749
	231	108.052	433.495
	232	102.927	429.744
	233	98.7464	426.573
	234	96.0412	424.605
	235	94.6555	423.821
	236	94.4798	424.251
	237	94.8414	425.65
	238	95.4887	428.204
	239	96.1628	431.77
	240	96.8231	435.702
	241	98.4428	438.302
	242	101.942	440.382
	243	107.504	443.368
	244	114.467	446.482
	245	121.881	449.107
	246	128.977	451.385
	247	135.438	453.636
	248	141.037	456.179
	249	145.433	459.422
	250	148.295	463.171
	251	148.86	466.206
	252	146.666	467.847
	253	140.851	467.03
	254	131.692	463.48
	255	120.711	458.091
	256	109.038	452.189
	257	97.4348	446.574
	258	86.4198	441.405
	259	76.5915	436.702
	260	68.2962	432.853
	261	61.6593	429.779
	262	56.9724	427.848
	263	54.2758	427.566
	264	53.6758	428.986
	265	55.4263	431.249
	266	59.7026	433.608
	267	65.849	436.416
	268	73.2723	439.421
	269	81.2366	441.951
	270	88.9318	444.183
	271	96.1965	446.213
	272	102.624	447.993
	273	107.967	449.686
	274	111.874	451.435
	275	113.778	453.247
	276	113.375	454.551
	277	110.62	454.558
	278	105.917	452.033
	279	99.9047	448.408
	280	93.2656	445.17
	281	86.452	442.812
	282	79.9761	441.112
	283	74.4443	439.897
	284	70.1578	438.691
	285	67.3316	437.933
	286	66.1081	437.931
	287	66.4819	438.693
	288	68.5986	439.938
	289	72.6944	441.147
	290	78.9022	442.032
	291	86.2401	442.957
	292	93.8943	444.038
	293	101.171	445.213
	294	107.877	446.112
	295	113.844	446.784
	296	118.966	447.383
	297	122.785	448.083
	298	124.65	448.94
	299	124.002	449.981
	300	120.731	451.145
	301	115.055	450.965
	302	107.647	449.903
	303	99.1937	448.669
	304	90.3011	447.112
	305	81.9455	445.349
	306	74.7221	443.621
	307	69.1544	442.065
	308	65.14	441.194
	309	62.8905	441.116
	310	62.586	441.586
	311	64.5246	442.253
	312	68.6091	442.723
	313	74.4437	442.775
	314	81.3473	442.946
	315	88.3781	443.313
	316	94.977	443.639
	317	100.541	443.571
	318	104.936	442.859
	319	108.173	442.195
	320	110.353	442.474
	321	111.478	443.755
	322	111.613	445.945
	323	111.128	449.364
	324	110.348	453.355
	325	109.251	456.178
	326	106.986	457.492
	327	103.306	457.795
	328	98.7148	457.165
	329	94.0159	454.873
	330	89.744	450.536
	331	86.22	444.628
	332	83.2476	438.78
	333	80.8464	434.414
	334	78.9991	432.351
	335	78.0043	433.643
	336	78.6521	437.68
	337	80.9979	442.526
	338	83.6344	446.913
	339	85.4606	450.479
	340	85.7037	452.114
	341	84.7161	451.135
	342	83.2537	448.224
	343	82.5917	443.467
	344	82.3772	438.719
	345	82.3149	435.253
	346	82.4654	433.821
	347	82.7234	434.993
	348	83.3741	438.482
	349	84.6958	443.032
	350	86.3645	446.857
	351	87.4949	449.329
	352	87.4518	449.852
	353	86.3922	448.699
	354	85.1913	446.408
	355	84.439	443.631
	356	84.514	442.096
	357	85.689	442.798
	358	87.9495	445.741
	359	91.2512	450.532
	360	95.3505	455.75
	361	99.7058	460.207
	362	103.984	463.328

Effects	ADBE Corner Pin #1	ADBE Corner Pin-0004
	Frame	X pixels	Y pixels
	0	296.592	414.88
	1	295.047	409.948
	2	293.305	406.211
	3	291.452	404.53
	4	289.579	405.956
	5	287.684	410.285
	6	285.881	415.328
	7	284.329	419.741
	8	283.469	421.55
	9	283.786	420.679
	10	284.94	418.177
	11	286.256	414.745
	12	286.988	411.218
	13	286.911	408.62
	14	286.437	408.051
	15	285.696	410.211
	16	284.971	415.414
	17	284.814	422.717
	18	285.688	430.36
	19	288.126	435.883
	20	291.569	436.993
	21	295.799	435.14
	22	299.505	432.072
	23	301.605	428.727
	24	301.995	425.657
	25	300.914	423.053
	26	299.191	421.202
	27	297.185	420.049
	28	295.502	420.369
	29	294.008	422.714
	30	292.359	426.912
	31	290.098	431.67
	32	288.56	435.033
	33	287.779	436.246
	34	287.55	435.685
	35	287.352	434.276
	36	287.197	432.725
	37	287.232	431.409
	38	287.664	430.53
	39	288.437	430.849
	40	289.008	433.179
	41	288.935	437.402
	42	288.224	442.601
	43	287.104	445.945
	44	285.361	444.832
	45	282.515	442.035
	46	279.094	439.047
	47	275.746	435.968
	48	272.908	433.377
	49	270.586	431.691
	50	269.285	431.237
	51	268.884	432.544
	52	269.78	435.881
	53	272.245	440.686
	54	276.832	445.881
	55	283.803	448.793
	56	292.364	448.621
	57	301.427	446.733
	58	310.194	443.96
	59	317.927	440.704
	60	324.446	437.328
	61	329.726	434.29
	62	333.821	432.382
	63	336.407	431.73
	64	337.059	432.215
	65	335.25	432.948
	66	330.368	432.579
	67	322.527	430.875
	68	313.139	428.484
	69	303.445	426.161
	70	294.628	423.951
	71	286.876	422.164
	72	280.589	420.945
	73	275.587	420.852
	74	272.035	422.04
	75	270.353	424.402
	76	271.147	428.067
	77	274.737	432.789
	78	280.844	437.683
	79	289.141	441.347
	80	298.754	443.284
	81	308.383	443.947
	82	317.105	443.774
	83	324.373	442.354
	84	329.842	440.136
	85	333.794	438.105
	86	336.123	436.978
	87	336.984	437.033
	88	336.594	437.71
	89	334.607	436.555
	90	329.83	432.345
	91	322.216	427.101
	92	312.289	422.483
	93	301.562	419.271
	94	291.68	417.424
	95	283.51	416.607
	96	277.302	416.038
	97	273.263	415.459
	98	271.049	415.445
	99	269.998	416.236
	100	269.748	417.46
	101	270.026	418.317
	102	270.655	418.805
	103	271.332	419.208
	104	272.006	419.722
	105	272.392	420.054
	106	272.474	419.905
	107	272.302	418.639
	108	272.108	416.82
	109	272.044	415.574
	110	272.692	415.937
	111	274.675	418.428
	112	278.475	422.901
	113	284.314	427.699
	114	292.18	431.096
	115	301.381	432.769
	116	310.627	433.364
	117	319.293	433.023
	118	326.554	431.3
	119	332.342	428.526
	120	336.03	424.951
	121	337.199	421.517
	122	335.982	418.886
	123	332.925	417.88
	124	328.687	418.61
	125	323.824	420.6
	126	318.788	423.045
	127	314.176	425.099
	128	310.277	426.243
	129	307.331	426.707
	130	305.367	426.578
	131	304.413	426.089
	132	304.06	425.272
	133	303.568	423.723
	134	302.616	421.495
	135	300.886	418.902
	136	297.456	416.263
	137	292.151	414.485
	138	285.787	413.939
	139	279.122	415.194
	140	272.746	417.506
	141	267.225	419.839
	142	262.934	421.908
	143	260.168	423.501
	144	258.925	424.47
	145	258.898	425.641
	146	259.907	426.827
	147	262.061	427.99
	148	264.968	429.273
	149	268.671	430.647
	150	272.751	432.364
	151	277.193	433.72
	152	281.832	434.293
	153	286.8	434.094
	154	291.817	433.173
	155	296.744	431.618
	156	301.063	429.814
	157	304.221	428.331
	158	306.444	426.973
	159	308.013	425.371
	160	309.031	422.683
	161	309.287	418.696
	162	308.748	413.909
	163	307.595	409.036
	164	306.37	404.476
	165	305.71	400.21
	166	305.865	396.061
	167	306.701	392.052
	168	307.917	387.991
	169	309.304	384.414
	170	310.44	382.35
	171	311.357	382.552
	172	311.628	385.461
	173	310.942	391.154
	174	309.061	399.767
	175	305.646	409.407
	176	301.043	418.679
	177	295.833	427.1
	178	290.578	433.692
	179	285.879	438.081
	180	282.266	440.384
	181	280.224	441.773
	182	280.025	442.878
	183	282.045	443.235
	184	286.505	440.807
	185	292.94	435.693
	186	299.955	430.019
	187	307.104	424.19
	188	313.513	418.734
	189	319.45	413.673
	190	324.135	409.924
	191	327.918	407.677
	192	330.425	406.842
	193	331.886	407.149
	194	331.956	408.475
	195	330.425	409.939
	196	326.814	410.67
	197	321.703	411.498
	198	315.715	412.581
	199	309.268	413.972
	200	302.893	415.421
	201	296.832	416.879
	202	291.576	418.155
	203	287.338	419.582
	204	284.577	421.536
	205	283.794	424.078
	206	285.426	426.316
	207	289.484	425.146
	208	294.908	421.416
	209	300.205	417.412
	210	303.97	414.513
	211	306.146	412.951
	212	306.709	412.817
	213	305.975	414.399
	214	304.266	417.26
	215	302.255	420.592
	216	300.124	423.265
	217	297.712	424.132
	218	295.228	423.234
	219	292.598	421.992
	220	290.094	420.933
	221	288.276	420.636
	222	286.569	421.449
	223	285.28	423.477
	224	284.293	426.565
	225	283.809	429.958
	226	283.284	433.208
	227	282.476	436.223
	228	282.017	438.022
	229	282.613	437.996
	230	284.332	435.637
	231	286.291	431.203
	232	288.829	425.706
	233	291.416	420.28
	234	293.954	415.942
	235	296.214	413.237
	236	297.931	412.335
	237	298.965	413.066
	238	299.329	414.973
	239	299.278	417.2
	240	299.14	419.251
	241	299.463	419.343
	242	301.09	415.673
	243	304.33	409.358
	244	308.941	401.734
	245	313.832	393.806
	246	318.4	386.859
	247	322.174	381.139
	248	325.082	376.874
	249	327.036	374.268
	250	327.97	373.348
	251	327.912	373.96
	252	326.796	376.065
	253	324.648	379.963
	254	321.045	385.481
	255	315.892	392.071
	256	309.37	399.226
	257	301.791	406.761
	258	293.472	414.476
	259	284.946	422.04
	260	276.486	428.675
	261	268.874	433.716
	262	262.913	437.698
	263	258.763	440.823
	264	257.044	443.107
	265	257.449	444.015
	266	260.372	442.219
	267	265.192	437.872
	268	271.196	432.747
	269	277.738	427.415
	270	284.139	422.471
	271	290.127	418.133
	272	295.458	414.59
	273	299.951	412.043
	274	303.446	410.647
	275	305.717	410.757
	276	306.619	412.38
	277	306.075	414.774
	278	303.708	416.669
	279	299.654	417.583
	280	294.524	418.186
	281	288.832	419.199
	282	282.984	420.97
	283	277.433	423.215
	284	272.632	425.383
	285	268.939	427.247
	286	266.67	428.888
	287	266.19	430.427
	288	267.601	432.11
	289	270.896	433.559
	290	276.169	433.219
	291	282.905	432.089
	292	290.299	430.975
	293	297.629	430.156
	294	304.513	429.576
	295	310.442	429.083
	296	315.583	428.711
	297	319.427	428.173
	298	321.712	427.527
	299	321.991	426.975
	300	320.178	426.923
	301	316.093	426.896
	302	310.019	426.321
	303	302.732	425.498
	304	294.812	424.883
	305	287.035	424.624
	306	280.055	424.722
	307	274.235	424.929
	308	269.646	425.259
	309	266.682	426.028
	310	265.615	427.677
	311	266.93	430.055
	312	270.479	432.599
	313	275.853	434.251
	314	282.464	435.262
	315	289.616	435.464
	316	296.567	434.874
	317	302.56	433.504
	318	307.134	431.499
	319	310.241	429.122
	320	312.135	427.335
	321	312.936	426.604
	322	312.679	426.749
	323	311.4	426.92
	324	309.204	425.94
	325	306.058	422.936
	326	301.686	419.393
	327	296.41	416.985
	328	291.075	416.092
	329	286.28	416.626
	330	282.226	418.491
	331	278.7	421.264
	332	275.408	424.436
	333	272.18	427.646
	334	269.047	430.164
	335	266.423	431.898
	336	264.897	431.908
	337	264.745	429.744
	338	265.285	427.396
	339	265.85	426.08
	340	266.374	426.517
	341	266.713	428.922
	342	266.985	433.087
	343	267.275	436.657
	344	267.477	439.643
	345	267.187	442.235
	346	266.8	443.806
	347	266.844	443.886
	348	267.595	442.899
	349	269.198	441.334
	350	271.116	439.574
	351	273.039	438.732
	352	274.679	439.421
	353	275.966	441.866
	354	277.09	445.393
	355	278.21	448.786
	356	279.63	451.435
	357	281.603	452.425
	358	284.474	450.888
	359	288.643	447.166
	360	293.611	441.705
	361	298.77	435.688
	362	303.587	429.81

End of Keyframe Data
